{
 "cells": [
  {
   "cell_type": "code",
   "execution_count": 11,
   "metadata": {},
   "outputs": [],
   "source": [
    "from sklearn.base import BaseEstimator, ClassifierMixin\n",
    "from sklearn      import datasets\n",
    "import numpy as np\n",
    "from sklearn.neighbors import KernelDensity"
   ]
  },
  {
   "cell_type": "code",
   "execution_count": 68,
   "metadata": {},
   "outputs": [],
   "source": [
    "class KDEClassifier(BaseEstimator, ClassifierMixin):\n",
    "    \n",
    "    \"\"\"Bayesian generative classification based on KDE\n",
    "    \n",
    "    Parameters\n",
    "    ----------\n",
    "    bandwidth : float\n",
    "        the kernel bandwidth within each class\n",
    "    kernel : str\n",
    "        the kernel name, passed to KernelDensity\n",
    "    \"\"\"\n",
    "    \n",
    "    def __init__(self, bandwidth=1.0, kernel='gaussian'):\n",
    "        self.bandwidth = bandwidth\n",
    "        self.kernel = kernel\n",
    "        \n",
    "    def fit(self, X, y, k):\n",
    "        \n",
    "        self.classes_ = np.sort(np.unique(y))\n",
    "        training_sets = [X[y == yi] for yi in self.classes_]\n",
    "        print(training_sets)\n",
    "        self.models_ = [KernelDensity(bandwidth=self.bandwidth,\n",
    "                                      kernel=self.kernel).fit(Xi)\n",
    "                        for Xi in training_sets]\n",
    "        self.logpriors_ = [np.log(Xi.shape[0] / X.shape[0])\n",
    "                           for Xi in training_sets]\n",
    "\n",
    "        return self\n",
    "    \n",
    "    def distance(test,train):\n",
    "        \n",
    "        \n",
    "        map(lamba x:  )\n",
    "        \n",
    "        \n",
    "    def predict_proba(self, X):\n",
    "        logprobs = np.array([model.score_samples(X)\n",
    "                             for model in self.models_]).T\n",
    "        print(logprobs.shape)\n",
    "        print(logprobs)\n",
    "        print(self.logpriors_)\n",
    "        print(logprobs+self.logpriors_)\n",
    "        result = np.exp(logprobs + self.logpriors_)\n",
    "       \n",
    "        return result / result.sum(1, keepdims=True)\n",
    "        \n",
    "    def predict(self, X):\n",
    "        return self.classes_[np.argmax(self.predict_proba(X), 1)]"
   ]
  },
  {
   "cell_type": "code",
   "execution_count": 69,
   "metadata": {},
   "outputs": [],
   "source": [
    "#y_pred = gnb.fit(iris.data, iris.target).predict(iris.data)\n",
    "iris = datasets.load_iris()"
   ]
  },
  {
   "cell_type": "code",
   "execution_count": 70,
   "metadata": {},
   "outputs": [
    {
     "name": "stdout",
     "output_type": "stream",
     "text": [
      "[array([[5.1, 3.5, 1.4, 0.2],\n",
      "       [4.9, 3. , 1.4, 0.2],\n",
      "       [4.7, 3.2, 1.3, 0.2],\n",
      "       [4.6, 3.1, 1.5, 0.2],\n",
      "       [5. , 3.6, 1.4, 0.2],\n",
      "       [5.4, 3.9, 1.7, 0.4],\n",
      "       [4.6, 3.4, 1.4, 0.3],\n",
      "       [5. , 3.4, 1.5, 0.2],\n",
      "       [4.4, 2.9, 1.4, 0.2],\n",
      "       [4.9, 3.1, 1.5, 0.1],\n",
      "       [5.4, 3.7, 1.5, 0.2],\n",
      "       [4.8, 3.4, 1.6, 0.2],\n",
      "       [4.8, 3. , 1.4, 0.1],\n",
      "       [4.3, 3. , 1.1, 0.1],\n",
      "       [5.8, 4. , 1.2, 0.2],\n",
      "       [5.7, 4.4, 1.5, 0.4],\n",
      "       [5.4, 3.9, 1.3, 0.4],\n",
      "       [5.1, 3.5, 1.4, 0.3],\n",
      "       [5.7, 3.8, 1.7, 0.3],\n",
      "       [5.1, 3.8, 1.5, 0.3],\n",
      "       [5.4, 3.4, 1.7, 0.2],\n",
      "       [5.1, 3.7, 1.5, 0.4],\n",
      "       [4.6, 3.6, 1. , 0.2],\n",
      "       [5.1, 3.3, 1.7, 0.5],\n",
      "       [4.8, 3.4, 1.9, 0.2],\n",
      "       [5. , 3. , 1.6, 0.2],\n",
      "       [5. , 3.4, 1.6, 0.4],\n",
      "       [5.2, 3.5, 1.5, 0.2],\n",
      "       [5.2, 3.4, 1.4, 0.2],\n",
      "       [4.7, 3.2, 1.6, 0.2],\n",
      "       [4.8, 3.1, 1.6, 0.2],\n",
      "       [5.4, 3.4, 1.5, 0.4],\n",
      "       [5.2, 4.1, 1.5, 0.1],\n",
      "       [5.5, 4.2, 1.4, 0.2],\n",
      "       [4.9, 3.1, 1.5, 0.1],\n",
      "       [5. , 3.2, 1.2, 0.2],\n",
      "       [5.5, 3.5, 1.3, 0.2],\n",
      "       [4.9, 3.1, 1.5, 0.1],\n",
      "       [4.4, 3. , 1.3, 0.2],\n",
      "       [5.1, 3.4, 1.5, 0.2],\n",
      "       [5. , 3.5, 1.3, 0.3],\n",
      "       [4.5, 2.3, 1.3, 0.3],\n",
      "       [4.4, 3.2, 1.3, 0.2],\n",
      "       [5. , 3.5, 1.6, 0.6],\n",
      "       [5.1, 3.8, 1.9, 0.4],\n",
      "       [4.8, 3. , 1.4, 0.3],\n",
      "       [5.1, 3.8, 1.6, 0.2],\n",
      "       [4.6, 3.2, 1.4, 0.2],\n",
      "       [5.3, 3.7, 1.5, 0.2],\n",
      "       [5. , 3.3, 1.4, 0.2]]), array([[7. , 3.2, 4.7, 1.4],\n",
      "       [6.4, 3.2, 4.5, 1.5],\n",
      "       [6.9, 3.1, 4.9, 1.5],\n",
      "       [5.5, 2.3, 4. , 1.3],\n",
      "       [6.5, 2.8, 4.6, 1.5],\n",
      "       [5.7, 2.8, 4.5, 1.3],\n",
      "       [6.3, 3.3, 4.7, 1.6],\n",
      "       [4.9, 2.4, 3.3, 1. ],\n",
      "       [6.6, 2.9, 4.6, 1.3],\n",
      "       [5.2, 2.7, 3.9, 1.4],\n",
      "       [5. , 2. , 3.5, 1. ],\n",
      "       [5.9, 3. , 4.2, 1.5],\n",
      "       [6. , 2.2, 4. , 1. ],\n",
      "       [6.1, 2.9, 4.7, 1.4],\n",
      "       [5.6, 2.9, 3.6, 1.3],\n",
      "       [6.7, 3.1, 4.4, 1.4],\n",
      "       [5.6, 3. , 4.5, 1.5],\n",
      "       [5.8, 2.7, 4.1, 1. ],\n",
      "       [6.2, 2.2, 4.5, 1.5],\n",
      "       [5.6, 2.5, 3.9, 1.1],\n",
      "       [5.9, 3.2, 4.8, 1.8],\n",
      "       [6.1, 2.8, 4. , 1.3],\n",
      "       [6.3, 2.5, 4.9, 1.5],\n",
      "       [6.1, 2.8, 4.7, 1.2],\n",
      "       [6.4, 2.9, 4.3, 1.3],\n",
      "       [6.6, 3. , 4.4, 1.4],\n",
      "       [6.8, 2.8, 4.8, 1.4],\n",
      "       [6.7, 3. , 5. , 1.7],\n",
      "       [6. , 2.9, 4.5, 1.5],\n",
      "       [5.7, 2.6, 3.5, 1. ],\n",
      "       [5.5, 2.4, 3.8, 1.1],\n",
      "       [5.5, 2.4, 3.7, 1. ],\n",
      "       [5.8, 2.7, 3.9, 1.2],\n",
      "       [6. , 2.7, 5.1, 1.6],\n",
      "       [5.4, 3. , 4.5, 1.5],\n",
      "       [6. , 3.4, 4.5, 1.6],\n",
      "       [6.7, 3.1, 4.7, 1.5],\n",
      "       [6.3, 2.3, 4.4, 1.3],\n",
      "       [5.6, 3. , 4.1, 1.3],\n",
      "       [5.5, 2.5, 4. , 1.3],\n",
      "       [5.5, 2.6, 4.4, 1.2],\n",
      "       [6.1, 3. , 4.6, 1.4],\n",
      "       [5.8, 2.6, 4. , 1.2],\n",
      "       [5. , 2.3, 3.3, 1. ],\n",
      "       [5.6, 2.7, 4.2, 1.3],\n",
      "       [5.7, 3. , 4.2, 1.2],\n",
      "       [5.7, 2.9, 4.2, 1.3],\n",
      "       [6.2, 2.9, 4.3, 1.3],\n",
      "       [5.1, 2.5, 3. , 1.1],\n",
      "       [5.7, 2.8, 4.1, 1.3]]), array([[6.3, 3.3, 6. , 2.5],\n",
      "       [5.8, 2.7, 5.1, 1.9],\n",
      "       [7.1, 3. , 5.9, 2.1],\n",
      "       [6.3, 2.9, 5.6, 1.8],\n",
      "       [6.5, 3. , 5.8, 2.2],\n",
      "       [7.6, 3. , 6.6, 2.1],\n",
      "       [4.9, 2.5, 4.5, 1.7],\n",
      "       [7.3, 2.9, 6.3, 1.8],\n",
      "       [6.7, 2.5, 5.8, 1.8],\n",
      "       [7.2, 3.6, 6.1, 2.5],\n",
      "       [6.5, 3.2, 5.1, 2. ],\n",
      "       [6.4, 2.7, 5.3, 1.9],\n",
      "       [6.8, 3. , 5.5, 2.1],\n",
      "       [5.7, 2.5, 5. , 2. ],\n",
      "       [5.8, 2.8, 5.1, 2.4],\n",
      "       [6.4, 3.2, 5.3, 2.3],\n",
      "       [6.5, 3. , 5.5, 1.8],\n",
      "       [7.7, 3.8, 6.7, 2.2],\n",
      "       [7.7, 2.6, 6.9, 2.3],\n",
      "       [6. , 2.2, 5. , 1.5],\n",
      "       [6.9, 3.2, 5.7, 2.3],\n",
      "       [5.6, 2.8, 4.9, 2. ],\n",
      "       [7.7, 2.8, 6.7, 2. ],\n",
      "       [6.3, 2.7, 4.9, 1.8],\n",
      "       [6.7, 3.3, 5.7, 2.1],\n",
      "       [7.2, 3.2, 6. , 1.8],\n",
      "       [6.2, 2.8, 4.8, 1.8],\n",
      "       [6.1, 3. , 4.9, 1.8],\n",
      "       [6.4, 2.8, 5.6, 2.1],\n",
      "       [7.2, 3. , 5.8, 1.6],\n",
      "       [7.4, 2.8, 6.1, 1.9],\n",
      "       [7.9, 3.8, 6.4, 2. ],\n",
      "       [6.4, 2.8, 5.6, 2.2],\n",
      "       [6.3, 2.8, 5.1, 1.5],\n",
      "       [6.1, 2.6, 5.6, 1.4],\n",
      "       [7.7, 3. , 6.1, 2.3],\n",
      "       [6.3, 3.4, 5.6, 2.4],\n",
      "       [6.4, 3.1, 5.5, 1.8],\n",
      "       [6. , 3. , 4.8, 1.8],\n",
      "       [6.9, 3.1, 5.4, 2.1],\n",
      "       [6.7, 3.1, 5.6, 2.4],\n",
      "       [6.9, 3.1, 5.1, 2.3],\n",
      "       [5.8, 2.7, 5.1, 1.9],\n",
      "       [6.8, 3.2, 5.9, 2.3],\n",
      "       [6.7, 3.3, 5.7, 2.5],\n",
      "       [6.7, 3. , 5.2, 2.3],\n",
      "       [6.3, 2.5, 5. , 1.9],\n",
      "       [6.5, 3. , 5.2, 2. ],\n",
      "       [6.2, 3.4, 5.4, 2.3],\n",
      "       [5.9, 3. , 5.1, 1.8]])]\n",
      "(150, 3)\n",
      "[[ -3.8262878   -8.13952384 -12.91720053]\n",
      " [ -3.89364241  -7.84871172 -12.76179219]\n",
      " [ -3.8839073   -8.28809636 -13.33772164]\n",
      " [ -3.92160338  -7.86517286 -12.70161291]\n",
      " [ -3.83498721  -8.27301569 -13.06291907]\n",
      " [ -4.01239525  -7.72361602 -11.845948  ]\n",
      " [ -3.89072078  -8.20952853 -13.05753654]\n",
      " [ -3.81678913  -7.86801721 -12.56733762]\n",
      " [ -4.07103869  -8.12373511 -13.14315819]\n",
      " [ -3.87000742  -7.78936508 -12.62905486]\n",
      " [ -3.91667278  -8.07660218 -12.60104401]\n",
      " [ -3.84275096  -7.75831159 -12.38616688]\n",
      " [ -3.912432    -7.99163328 -12.99411037]\n",
      " [ -4.15702423  -9.01521723 -14.47100694]\n",
      " [ -4.25754811  -9.19649023 -13.88128989]\n",
      " [ -4.42041964  -8.91150368 -13.07769128]\n",
      " [ -4.00417756  -8.59990986 -13.20170624]\n",
      " [ -3.82683312  -8.05133187 -12.76250992]\n",
      " [ -4.10482933  -7.68879127 -11.7840705 ]\n",
      " [ -3.88601367  -8.16118014 -12.70109169]\n",
      " [ -3.9131825   -7.37078963 -11.7042882 ]\n",
      " [ -3.86690575  -7.96393789 -12.45382983]\n",
      " [ -4.01509926  -9.41103983 -14.79578746]\n",
      " [ -3.88410445  -7.11250324 -11.35877059]\n",
      " [ -3.92544986  -7.19911945 -11.46844955]\n",
      " [ -3.89916098  -7.39636386 -12.0376117 ]\n",
      " [ -3.83579449  -7.49578148 -11.94084591]\n",
      " [ -3.83691309  -7.89868397 -12.52300383]\n",
      " [ -3.83696662  -8.02515853 -12.78927593]\n",
      " [ -3.8802523   -7.66315266 -12.34327079]\n",
      " [ -3.88079622  -7.54067969 -12.21468888]\n",
      " [ -3.89927438  -7.61545279 -12.05816728]\n",
      " [ -4.04477003  -8.73185905 -13.32323987]\n",
      " [ -4.17587644  -8.97056365 -13.49491087]\n",
      " [ -3.87000742  -7.78936508 -12.62905486]\n",
      " [ -3.87032355  -8.37538968 -13.48126416]\n",
      " [ -3.94360766  -8.32133126 -13.09029932]\n",
      " [ -3.87000742  -7.78936508 -12.62905486]\n",
      " [ -4.04494107  -8.38351759 -13.51192807]\n",
      " [ -3.82132832  -7.83442085 -12.50550729]\n",
      " [ -3.83477127  -8.30669325 -13.17036531]\n",
      " [ -4.44625558  -8.08727357 -13.24162046]\n",
      " [ -3.99941129  -8.50749477 -13.60679778]\n",
      " [ -3.88961359  -7.45661936 -11.75371102]\n",
      " [ -3.98347517  -7.28858242 -11.28959213]\n",
      " [ -3.9052132   -7.8097828  -12.67890035]\n",
      " [ -3.89322356  -8.04164711 -12.52673602]\n",
      " [ -3.90266156  -8.13710196 -13.0815135 ]\n",
      " [ -3.88765574  -8.08687017 -12.64549782]\n",
      " [ -3.82378715  -7.99933214 -12.83821344]\n",
      " [-11.31768122  -4.44602034  -4.62453262]\n",
      " [ -9.91512439  -4.10011033  -4.55653938]\n",
      " [-11.94311299  -4.41499233  -4.38485864]\n",
      " [ -8.18941915  -4.13535198  -5.45358223]\n",
      " [-10.54827072  -4.08952404  -4.45568381]\n",
      " [ -9.22456558  -3.99434358  -4.77328103]\n",
      " [-10.49799199  -4.16629207  -4.40644905]\n",
      " [ -6.20273052  -4.70198706  -7.02574007]\n",
      " [-10.40083861  -4.12858897  -4.57873701]\n",
      " [ -7.60282913  -4.20546246  -5.60376754]\n",
      " [ -7.02459044  -4.69287807  -6.83039172]\n",
      " [ -8.6456885   -3.98370917  -4.84922706]\n",
      " [ -8.39816766  -4.1779876   -5.54755803]\n",
      " [-10.2035724   -4.0170541   -4.45059108]\n",
      " [ -6.85649592  -4.17754896  -5.79897423]\n",
      " [ -9.96593115  -4.19017338  -4.72318497]\n",
      " [ -9.28116492  -4.05436188  -4.73137719]\n",
      " [ -8.00026566  -4.01617873  -5.3110174 ]\n",
      " [-10.44768752  -4.16652774  -4.73847118]\n",
      " [ -7.61806647  -4.08514105  -5.57466525]\n",
      " [-10.73571193  -4.21088443  -4.35696301]\n",
      " [ -8.20658933  -3.99553593  -5.11960243]\n",
      " [-11.4919232   -4.18251537  -4.352468  ]\n",
      " [-10.06184996  -4.02666738  -4.58080995]\n",
      " [ -9.26353376  -4.02718756  -4.79688904]\n",
      " [ -9.86488526  -4.11824364  -4.68292722]\n",
      " [-11.50783322  -4.28650702  -4.45242981]\n",
      " [-12.26590792  -4.36567246  -4.18830506]\n",
      " [ -9.61947841  -3.97579826  -4.55449598]\n",
      " [ -6.64988672  -4.247058    -6.1429934 ]\n",
      " [ -7.4269085   -4.16268888  -5.78134468]\n",
      " [ -7.12602187  -4.21914746  -5.99376887]\n",
      " [ -7.67586342  -4.01793282  -5.37992913]\n",
      " [-11.81430591  -4.24593772  -4.24798713]\n",
      " [ -9.1932468   -4.13572931  -4.86406656]\n",
      " [ -9.57217802  -4.14948367  -4.64011954]\n",
      " [-10.97525787  -4.23078138  -4.43635026]\n",
      " [ -9.93380382  -4.11495617  -4.85946855]\n",
      " [ -7.9601504   -4.02901217  -5.18150532]\n",
      " [ -7.99360567  -4.07280993  -5.37637209]\n",
      " [ -8.8714189   -4.05700593  -5.04648718]\n",
      " [ -9.84241669  -4.00169279  -4.51812633]\n",
      " [ -7.993631    -4.00199421  -5.27875535]\n",
      " [ -6.29969074  -4.66414587  -6.97490881]\n",
      " [ -8.39504225  -3.99586962  -5.07648421]\n",
      " [ -8.18025628  -4.00305527  -5.0976691 ]\n",
      " [ -8.3279206   -3.97896433  -5.02105849]\n",
      " [ -9.02754955  -3.97315441  -4.79465049]\n",
      " [ -5.70926891  -4.78175402  -7.29374776]\n",
      " [ -8.12722911  -3.98061676  -5.11964717]\n",
      " [-16.94431984  -5.80415547  -4.30767624]\n",
      " [-12.08963628  -4.38374871  -4.26454858]\n",
      " [-17.05566153  -5.59830624  -4.18027667]\n",
      " [-14.150526    -4.73913626  -4.07704877]\n",
      " [-15.84340228  -5.23864104  -4.07807292]\n",
      " [-21.35656064  -7.18016582  -4.71955455]\n",
      " [ -9.71897623  -4.5406117   -5.29654551]\n",
      " [-18.81526693  -6.19751152  -4.44631298]\n",
      " [-15.83640656  -5.15460074  -4.20694155]\n",
      " [-18.73649222  -6.4903028   -4.49985792]\n",
      " [-12.70305486  -4.51139153  -4.10564685]\n",
      " [-13.4123685   -4.53486533  -4.07286819]\n",
      " [-14.89160471  -4.96530267  -4.05257606]\n",
      " [-12.00826575  -4.44652103  -4.39429036]\n",
      " [-12.94729663  -4.75153821  -4.32653824]\n",
      " [-13.84893889  -4.83786886  -4.09600211]\n",
      " [-13.95113702  -4.68624563  -4.04787171]\n",
      " [-22.08461864  -7.9016962   -5.07935349]\n",
      " [-23.82470318  -8.10855419  -5.11895597]\n",
      " [-11.83241913  -4.34286444  -4.52124309]\n",
      " [-16.14224679  -5.41011169  -4.12761336]\n",
      " [-11.37586822  -4.37351803  -4.41612611]\n",
      " [-22.06424634  -7.4443797   -4.87767457]\n",
      " [-11.72792871  -4.21697808  -4.19946977]\n",
      " [-15.41019226  -5.19098128  -4.09227139]\n",
      " [-17.0936288   -5.69507841  -4.29145687]\n",
      " [-11.21407894  -4.14971444  -4.24065977]\n",
      " [-11.31970954  -4.19468664  -4.21121874]\n",
      " [-14.83369156  -4.91572463  -4.05287623]\n",
      " [-16.05302519  -5.35488826  -4.30015801]\n",
      " [-18.3393067   -6.02963891  -4.40756987]\n",
      " [-20.75203829  -7.48312737  -5.05236654]\n",
      " [-15.01859639  -4.98742692  -4.06449805]\n",
      " [-11.92948192  -4.23976016  -4.21209436]\n",
      " [-13.62871002  -4.68519896  -4.3323053 ]\n",
      " [-19.61250229  -6.61259916  -4.58258686]\n",
      " [-15.03677066  -5.2601466   -4.19421009]\n",
      " [-13.77324195  -4.67671096  -4.06149702]\n",
      " [-10.89890908  -4.15275172  -4.28409748]\n",
      " [-14.6228017   -4.94850562  -4.09056031]\n",
      " [-15.66154177  -5.2692493   -4.1004119 ]\n",
      " [-13.90618068  -4.89376908  -4.19563179]\n",
      " [-12.08963628  -4.38374871  -4.26454858]\n",
      " [-16.81371278  -5.59367747  -4.14820096]\n",
      " [-16.20600006  -5.52887724  -4.18160908]\n",
      " [-13.98816134  -4.82969006  -4.10675008]\n",
      " [-12.3949692   -4.36087733  -4.2094908 ]\n",
      " [-13.14580453  -4.53419039  -4.05242101]\n",
      " [-13.94508115  -4.97232363  -4.18350178]\n",
      " [-11.82421603  -4.32057453  -4.21492289]]\n",
      "[-1.0986122886681098, -1.0986122886681098, -1.0986122886681098]\n",
      "[[ -4.92490009  -9.23813613 -14.01581282]\n",
      " [ -4.99225469  -8.94732401 -13.86040448]\n",
      " [ -4.98251959  -9.38670865 -14.43633393]\n",
      " [ -5.02021567  -8.96378515 -13.8002252 ]\n",
      " [ -4.9335995   -9.37162798 -14.16153135]\n",
      " [ -5.11100753  -8.82222831 -12.94456029]\n",
      " [ -4.98933306  -9.30814082 -14.15614883]\n",
      " [ -4.91540142  -8.9666295  -13.66594991]\n",
      " [ -5.16965098  -9.2223474  -14.24177048]\n",
      " [ -4.96861971  -8.88797737 -13.72766714]\n",
      " [ -5.01528507  -9.17521447 -13.69965629]\n",
      " [ -4.94136325  -8.85692388 -13.48477917]\n",
      " [ -5.01104428  -9.09024557 -14.09272265]\n",
      " [ -5.25563652 -10.11382951 -15.56961923]\n",
      " [ -5.3561604  -10.29510252 -14.97990218]\n",
      " [ -5.51903193 -10.01011597 -14.17630357]\n",
      " [ -5.10278985  -9.69852214 -14.30031853]\n",
      " [ -4.92544541  -9.14994416 -13.86112221]\n",
      " [ -5.20344162  -8.78740356 -12.88268279]\n",
      " [ -4.98462596  -9.25979243 -13.79970398]\n",
      " [ -5.01179479  -8.46940192 -12.80290048]\n",
      " [ -4.96551804  -9.06255017 -13.55244212]\n",
      " [ -5.11371154 -10.50965212 -15.89439975]\n",
      " [ -4.98271674  -8.21111553 -12.45738288]\n",
      " [ -5.02406215  -8.29773174 -12.56706184]\n",
      " [ -4.99777327  -8.49497615 -13.13622399]\n",
      " [ -4.93440678  -8.59439377 -13.0394582 ]\n",
      " [ -4.93552538  -8.99729626 -13.62161612]\n",
      " [ -4.93557891  -9.12377082 -13.88788822]\n",
      " [ -4.97886459  -8.76176495 -13.44188308]\n",
      " [ -4.97940851  -8.63929198 -13.31330116]\n",
      " [ -4.99788667  -8.71406508 -13.15677957]\n",
      " [ -5.14338232  -9.83047134 -14.42185216]\n",
      " [ -5.27448873 -10.06917594 -14.59352316]\n",
      " [ -4.96861971  -8.88797737 -13.72766714]\n",
      " [ -4.96893584  -9.47400196 -14.57987645]\n",
      " [ -5.04221995  -9.41994355 -14.18891161]\n",
      " [ -4.96861971  -8.88797737 -13.72766714]\n",
      " [ -5.14355336  -9.48212987 -14.61054036]\n",
      " [ -4.91994061  -8.93303313 -13.60411958]\n",
      " [ -4.93338356  -9.40530554 -14.2689776 ]\n",
      " [ -5.54486787  -9.18588586 -14.34023275]\n",
      " [ -5.09802358  -9.60610705 -14.70541006]\n",
      " [ -4.98822588  -8.55523164 -12.85232331]\n",
      " [ -5.08208746  -8.38719471 -12.38820442]\n",
      " [ -5.00382549  -8.90839509 -13.77751264]\n",
      " [ -4.99183585  -9.1402594  -13.6253483 ]\n",
      " [ -5.00127385  -9.23571425 -14.18012579]\n",
      " [ -4.98626803  -9.18548246 -13.74411011]\n",
      " [ -4.92239944  -9.09794442 -13.93682573]\n",
      " [-12.4162935   -5.54463263  -5.72314491]\n",
      " [-11.01373668  -5.19872262  -5.65515166]\n",
      " [-13.04172528  -5.51360462  -5.48347093]\n",
      " [ -9.28803144  -5.23396427  -6.55219452]\n",
      " [-11.64688301  -5.18813633  -5.5542961 ]\n",
      " [-10.32317787  -5.09295587  -5.87189331]\n",
      " [-11.59660428  -5.26490436  -5.50506134]\n",
      " [ -7.30134281  -5.80059935  -8.12435236]\n",
      " [-11.4994509   -5.22720125  -5.6773493 ]\n",
      " [ -8.70144142  -5.30407475  -6.70237983]\n",
      " [ -8.12320273  -5.79149036  -7.929004  ]\n",
      " [ -9.74430079  -5.08232146  -5.94783935]\n",
      " [ -9.49677995  -5.27659989  -6.64617032]\n",
      " [-11.30218469  -5.11566639  -5.54920337]\n",
      " [ -7.95510821  -5.27616125  -6.89758652]\n",
      " [-11.06454344  -5.28878567  -5.82179726]\n",
      " [-10.37977721  -5.15297417  -5.82998948]\n",
      " [ -9.09887794  -5.11479102  -6.40962969]\n",
      " [-11.5462998   -5.26514003  -5.83708347]\n",
      " [ -8.71667876  -5.18375334  -6.67327754]\n",
      " [-11.83432422  -5.30949672  -5.4555753 ]\n",
      " [ -9.30520162  -5.09414822  -6.21821472]\n",
      " [-12.59053549  -5.28112766  -5.45108029]\n",
      " [-11.16046225  -5.12527967  -5.67942224]\n",
      " [-10.36214605  -5.12579985  -5.89550132]\n",
      " [-10.96349755  -5.21685593  -5.78153951]\n",
      " [-12.60644551  -5.38511931  -5.5510421 ]\n",
      " [-13.36452021  -5.46428475  -5.28691735]\n",
      " [-10.7180907   -5.07441055  -5.65310827]\n",
      " [ -7.74849901  -5.34567029  -7.24160568]\n",
      " [ -8.52552079  -5.26130117  -6.87995697]\n",
      " [ -8.22463416  -5.31775975  -7.09238116]\n",
      " [ -8.77447571  -5.11654511  -6.47854142]\n",
      " [-12.9129182   -5.34455001  -5.34659941]\n",
      " [-10.29185909  -5.23434159  -5.96267885]\n",
      " [-10.67079031  -5.24809596  -5.73873183]\n",
      " [-12.07387016  -5.32939367  -5.53496255]\n",
      " [-11.03241611  -5.21356846  -5.95808084]\n",
      " [ -9.05876269  -5.12762446  -6.28011761]\n",
      " [ -9.09221796  -5.17142222  -6.47498438]\n",
      " [ -9.97003119  -5.15561822  -6.14509946]\n",
      " [-10.94102898  -5.10030508  -5.61673862]\n",
      " [ -9.09224329  -5.1006065   -6.37736764]\n",
      " [ -7.39830303  -5.76275816  -8.0735211 ]\n",
      " [ -9.49365454  -5.09448191  -6.1750965 ]\n",
      " [ -9.27886857  -5.10166756  -6.19628139]\n",
      " [ -9.42653289  -5.07757661  -6.11967078]\n",
      " [-10.12616184  -5.0717667   -5.89326278]\n",
      " [ -6.8078812   -5.88036631  -8.39236004]\n",
      " [ -9.2258414   -5.07922905  -6.21825945]\n",
      " [-18.04293213  -6.90276775  -5.40628853]\n",
      " [-13.18824857  -5.482361    -5.36316087]\n",
      " [-18.15427382  -6.69691853  -5.27888896]\n",
      " [-15.24913829  -5.83774855  -5.17566106]\n",
      " [-16.94201456  -6.33725332  -5.17668521]\n",
      " [-22.45517293  -8.27877811  -5.81816683]\n",
      " [-10.81758852  -5.63922399  -6.3951578 ]\n",
      " [-19.91387922  -7.29612381  -5.54492527]\n",
      " [-16.93501885  -6.25321303  -5.30555384]\n",
      " [-19.83510451  -7.58891509  -5.5984702 ]\n",
      " [-13.80166715  -5.61000382  -5.20425914]\n",
      " [-14.51098079  -5.63347762  -5.17148048]\n",
      " [-15.990217    -6.06391496  -5.15118834]\n",
      " [-13.10687804  -5.54513332  -5.49290265]\n",
      " [-14.04590892  -5.85015049  -5.42515053]\n",
      " [-14.94755118  -5.93648115  -5.19461439]\n",
      " [-15.04974931  -5.78485792  -5.146484  ]\n",
      " [-23.18323093  -9.00030849  -6.17796578]\n",
      " [-24.92331547  -9.20716648  -6.21756825]\n",
      " [-12.93103141  -5.44147673  -5.61985538]\n",
      " [-17.24085907  -6.50872398  -5.22622564]\n",
      " [-12.4744805   -5.47213032  -5.5147384 ]\n",
      " [-23.16285863  -8.54299199  -5.97628686]\n",
      " [-12.826541    -5.31559036  -5.29808206]\n",
      " [-16.50880455  -6.28959357  -5.19088368]\n",
      " [-18.19224109  -6.79369069  -5.39006916]\n",
      " [-12.31269123  -5.24832673  -5.33927206]\n",
      " [-12.41832183  -5.29329893  -5.30983103]\n",
      " [-15.93230385  -6.01433692  -5.15148852]\n",
      " [-17.15163748  -6.45350055  -5.3987703 ]\n",
      " [-19.43791899  -7.1282512   -5.50618216]\n",
      " [-21.85065058  -8.58173965  -6.15097882]\n",
      " [-16.11720868  -6.08603921  -5.16311034]\n",
      " [-13.02809421  -5.33837245  -5.31070665]\n",
      " [-14.72732231  -5.78381125  -5.43091759]\n",
      " [-20.71111457  -7.71121145  -5.68119915]\n",
      " [-16.13538295  -6.35875889  -5.29282238]\n",
      " [-14.87185424  -5.77532325  -5.16010931]\n",
      " [-11.99752137  -5.25136401  -5.38270976]\n",
      " [-15.72141399  -6.04711791  -5.1891726 ]\n",
      " [-16.76015406  -6.36786158  -5.19902419]\n",
      " [-15.00479297  -5.99238136  -5.29424408]\n",
      " [-13.18824857  -5.482361    -5.36316087]\n",
      " [-17.91232507  -6.69228976  -5.24681325]\n",
      " [-17.30461235  -6.62748952  -5.28022137]\n",
      " [-15.08677362  -5.92830235  -5.20536237]\n",
      " [-13.49358149  -5.45948962  -5.30810309]\n",
      " [-14.24441682  -5.63280268  -5.1510333 ]\n",
      " [-15.04369344  -6.07093591  -5.28211407]\n",
      " [-12.92282832  -5.41918682  -5.31353518]]\n"
     ]
    },
    {
     "data": {
      "text/plain": [
       "array([[9.86677064e-01, 1.32117523e-02, 1.11183873e-04],\n",
       "       [9.81067224e-01, 1.87946390e-02, 1.38137073e-04],\n",
       "       [9.87845151e-01, 1.20774116e-02, 7.74371697e-05],\n",
       "       [9.80841522e-01, 1.90076479e-02, 1.50830493e-04],\n",
       "       [9.88222880e-01, 1.16800210e-02, 9.70990588e-05],\n",
       "       [9.75758380e-01, 2.38550092e-02, 3.86610421e-04],\n",
       "       [9.86757518e-01, 1.31394161e-02, 1.03065412e-04],\n",
       "       [9.82743644e-01, 1.71007141e-02, 1.55641470e-04],\n",
       "       [9.82810369e-01, 1.70767822e-02, 1.12849150e-04],\n",
       "       [9.80381702e-01, 1.94643450e-02, 1.53953380e-04],\n",
       "       [9.84467205e-01, 1.53662138e-02, 1.66581494e-04],\n",
       "       [9.80272798e-01, 1.95362219e-02, 1.90980296e-04],\n",
       "       [9.83250615e-01, 1.66375594e-02, 1.11825648e-04],\n",
       "       [9.92262665e-01, 7.70442518e-03, 3.29094690e-05],\n",
       "       [9.92823563e-01, 7.11077225e-03, 6.56650271e-05],\n",
       "       [9.88745755e-01, 1.10823437e-02, 1.71901367e-04],\n",
       "       [9.89906796e-01, 9.99293659e-03, 1.00267077e-04],\n",
       "       [9.85450536e-01, 1.44197701e-02, 1.29693946e-04],\n",
       "       [9.72547134e-01, 2.70032331e-02, 4.49633428e-04],\n",
       "       [9.86136683e-01, 1.37168979e-02, 1.46418978e-04],\n",
       "       [9.69068820e-01, 3.05305709e-02, 4.00608731e-04],\n",
       "       [9.83469391e-01, 1.63471632e-02, 1.83445518e-04],\n",
       "       [9.95464911e-01, 4.51438652e-03, 2.07029655e-05],\n",
       "       [9.61364524e-01, 3.80901174e-02, 5.45358183e-04],\n",
       "       [9.63022794e-01, 3.64669909e-02, 5.10215235e-04],\n",
       "       [9.70332984e-01, 2.93835918e-02, 2.83423955e-04],\n",
       "       [9.74625758e-01, 2.50798960e-02, 2.94346435e-04],\n",
       "       [9.82909736e-01, 1.69242315e-02, 1.66032214e-04],\n",
       "       [9.84927523e-01, 1.49449903e-02, 1.27486953e-04],\n",
       "       [9.77547946e-01, 2.22456610e-02, 2.06393415e-04],\n",
       "       [9.74681910e-01, 2.50839373e-02, 2.34152776e-04],\n",
       "       [9.75978308e-01, 2.37423876e-02, 2.79304545e-04],\n",
       "       [9.90778938e-01, 9.12850943e-03, 9.25525765e-05],\n",
       "       [9.91706078e-01, 8.20496584e-03, 8.89565121e-05],\n",
       "       [9.80381702e-01, 1.94643450e-02, 1.53953380e-04],\n",
       "       [9.89002440e-01, 1.09313048e-02, 6.62550353e-05],\n",
       "       [9.87497808e-01, 1.23969526e-02, 1.05239415e-04],\n",
       "       [9.80381702e-01, 1.94643450e-02, 1.53953380e-04],\n",
       "       [9.87037763e-01, 1.28858755e-02, 7.63613425e-05],\n",
       "       [9.82080328e-01, 1.77534628e-02, 1.66209562e-04],\n",
       "       [9.88617491e-01, 1.12952864e-02, 8.72230583e-05],\n",
       "       [9.74300803e-01, 2.55516553e-02, 1.47541648e-04],\n",
       "       [9.89034780e-01, 1.08987273e-02, 6.64931072e-05],\n",
       "       [9.72171984e-01, 2.74544141e-02, 3.73601820e-04],\n",
       "       [9.63979280e-01, 3.53734857e-02, 6.47234139e-04],\n",
       "       [9.80099686e-01, 1.97486412e-02, 1.51672322e-04],\n",
       "       [9.84283622e-01, 1.55411375e-02, 1.75240079e-04],\n",
       "       [9.85618725e-01, 1.42795606e-02, 1.01714811e-04],\n",
       "       [9.85061944e-01, 1.47831807e-02, 1.54874905e-04],\n",
       "       [9.84747777e-01, 1.51324366e-02, 1.19786924e-04],\n",
       "       [5.64204191e-04, 5.44202719e-01, 4.55233077e-01],\n",
       "       [1.82242220e-03, 6.11051079e-01, 3.87126498e-01],\n",
       "       [2.64753072e-04, 4.92336764e-01, 5.07398483e-01],\n",
       "       [1.35036553e-02, 7.78234256e-01, 2.08262088e-01],\n",
       "       [9.24363566e-04, 5.89984855e-01, 4.09090782e-01],\n",
       "       [3.65535444e-03, 6.82945497e-01, 3.13399149e-01],\n",
       "       [9.94812698e-04, 5.59195485e-01, 4.39809703e-01],\n",
       "       [1.68801145e-01, 7.57076896e-01, 7.41219585e-02],\n",
       "       [1.15161126e-03, 6.09971174e-01, 3.88877215e-01],\n",
       "       [2.61318871e-02, 7.80959247e-01, 1.92908866e-01],\n",
       "       [7.99367297e-02, 8.22993096e-01, 9.70701744e-02],\n",
       "       [6.60551440e-03, 6.99163167e-01, 2.94231319e-01],\n",
       "       [1.15815726e-02, 7.88076630e-01, 2.00341797e-01],\n",
       "       [1.24644873e-03, 6.05961708e-01, 3.92791843e-01],\n",
       "       [5.42035703e-02, 7.89732072e-01, 1.56064358e-01],\n",
       "       [1.95092421e-03, 6.28955800e-01, 3.69093276e-01],\n",
       "       [3.54850383e-03, 6.60719306e-01, 3.35732191e-01],\n",
       "       [1.43974369e-02, 7.73663573e-01, 2.11938990e-01],\n",
       "       [1.19468220e-03, 6.38447838e-01, 3.60357480e-01],\n",
       "       [2.32879014e-02, 7.97003760e-01, 1.79708338e-01],\n",
       "       [7.86131220e-04, 5.36033117e-01, 4.63180752e-01],\n",
       "       [1.10694789e-02, 7.46387628e-01, 2.42542893e-01],\n",
       "       [3.62840304e-04, 5.42189383e-01, 4.57447776e-01],\n",
       "       [1.51751659e-03, 6.34132394e-01, 3.64350089e-01],\n",
       "       [3.62258325e-03, 6.80980436e-01, 3.15396981e-01],\n",
       "       [2.03182521e-03, 6.36240175e-01, 3.61728000e-01],\n",
       "       [3.95505871e-04, 5.41171673e-01, 4.58432821e-01],\n",
       "       [1.68906962e-04, 4.55697048e-01, 5.44134045e-01],\n",
       "       [2.26306751e-03, 6.39317596e-01, 3.58419337e-01],\n",
       "       [7.29153797e-02, 8.06035924e-01, 1.21048696e-01],\n",
       "       [3.09179983e-02, 8.08805204e-01, 1.60276798e-01],\n",
       "       [4.46385704e-02, 8.16864066e-01, 1.38497364e-01],\n",
       "       [2.01147672e-02, 7.80070915e-01, 1.99814318e-01],\n",
       "       [2.58465148e-04, 5.00382986e-01, 4.99358549e-01],\n",
       "       [4.27201020e-03, 6.71559072e-01, 3.24168918e-01],\n",
       "       [2.73109728e-03, 6.18562235e-01, 3.78706667e-01],\n",
       "       [6.48556751e-04, 5.50854511e-01, 4.48496932e-01],\n",
       "       [2.01025287e-03, 6.76618884e-01, 3.21370863e-01],\n",
       "       [1.46924538e-02, 7.48800242e-01, 2.36507305e-01],\n",
       "       [1.53519409e-02, 7.74360592e-01, 2.10287467e-01],\n",
       "       [5.87875317e-03, 7.24699921e-01, 2.69421326e-01],\n",
       "       [1.81722055e-03, 6.25175281e-01, 3.73007499e-01],\n",
       "       [1.42356515e-02, 7.70767120e-01, 2.14997229e-01],\n",
       "       [1.50572951e-01, 7.72778580e-01, 7.66484689e-02],\n",
       "       [9.09057845e-03, 7.39823151e-01, 2.51086270e-01],\n",
       "       [1.13639051e-02, 7.40735139e-01, 2.47900956e-01],\n",
       "       [9.46100934e-03, 7.32259786e-01, 2.58279205e-01],\n",
       "       [4.41254760e-03, 6.91489072e-01, 3.04098380e-01],\n",
       "       [2.67861464e-01, 6.77212302e-01, 5.49262338e-02],\n",
       "       [1.18402222e-02, 7.48532589e-01, 2.39627189e-01],\n",
       "       [2.65596436e-06, 1.82950736e-01, 8.17046608e-01],\n",
       "       [2.11640493e-04, 4.70135681e-01, 5.29652679e-01],\n",
       "       [2.06111493e-06, 1.94970268e-01, 8.05027670e-01],\n",
       "       [2.78290268e-05, 3.40261374e-01, 6.59710797e-01],\n",
       "       [5.91579585e-06, 2.38562659e-01, 7.61431425e-01],\n",
       "       [5.48349082e-08, 7.86660174e-02, 9.21333928e-01],\n",
       "       [3.82130115e-03, 6.77869989e-01, 3.18308710e-01],\n",
       "       [4.89931016e-07, 1.47896018e-01, 8.52103492e-01],\n",
       "       [6.41365531e-06, 2.79354029e-01, 7.20639557e-01],\n",
       "       [5.77413786e-07, 1.20209735e-01, 8.79789688e-01],\n",
       "       [1.10750285e-04, 3.99888613e-01, 6.00000637e-01],\n",
       "       [5.39124542e-05, 3.86491318e-01, 6.13454770e-01],\n",
       "       [1.39988622e-05, 2.86438202e-01, 7.13547800e-01],\n",
       "       [2.53131520e-04, 4.86822039e-01, 5.12924829e-01],\n",
       "       [1.09025928e-04, 3.95277824e-01, 6.04613150e-01],\n",
       "       [3.93716834e-05, 3.22583370e-01, 6.77377258e-01],\n",
       "       [3.27254908e-05, 3.45602898e-01, 6.54364377e-01],\n",
       "       [3.88704841e-08, 5.61286896e-02, 9.43871271e-01],\n",
       "       [7.15946671e-09, 4.78980086e-02, 9.52101984e-01],\n",
       "       [3.04211034e-04, 5.44311155e-01, 4.55384634e-01],\n",
       "       [4.74024977e-06, 2.17124223e-01, 7.82871037e-01],\n",
       "       [4.64344097e-04, 5.10413291e-01, 4.89122364e-01],\n",
       "       [3.19033614e-08, 7.13122022e-02, 9.28687766e-01],\n",
       "       [2.71062432e-04, 4.95488692e-01, 5.04240246e-01],\n",
       "       [9.11501354e-06, 2.49979422e-01, 7.50011463e-01],\n",
       "       [2.21141895e-06, 1.97241622e-01, 8.02756167e-01],\n",
       "       [4.46746434e-04, 5.22487152e-01, 4.77066102e-01],\n",
       "       [4.05518610e-04, 5.03928494e-01, 4.95665987e-01],\n",
       "       [1.46237289e-05, 2.96740238e-01, 7.03245138e-01],\n",
       "       [5.83458485e-06, 2.58316291e-01, 7.41677875e-01],\n",
       "       [7.43449505e-07, 1.64919599e-01, 8.35079657e-01],\n",
       "       [1.39669718e-07, 8.08568937e-02, 9.19142967e-01],\n",
       "       [1.25136442e-05, 2.84357936e-01, 7.15629551e-01],\n",
       "       [2.25537734e-04, 4.92972782e-01, 5.06801680e-01],\n",
       "       [5.38856911e-05, 4.12658655e-01, 5.87287460e-01],\n",
       "       [2.62421704e-07, 1.16087629e-01, 8.83912108e-01],\n",
       "       [1.45411678e-05, 2.56172891e-01, 7.43812568e-01],\n",
       "       [3.93148725e-05, 3.50856952e-01, 6.49103733e-01],\n",
       "       [6.25842000e-04, 5.32455871e-01, 4.66918287e-01],\n",
       "       [1.87230962e-05, 2.97763233e-01, 7.02218044e-01],\n",
       "       [7.27025030e-06, 2.37063472e-01, 7.62929258e-01],\n",
       "       [4.04924961e-05, 3.32211893e-01, 6.67747615e-01],\n",
       "       [2.11640493e-04, 4.70135681e-01, 5.29652679e-01],\n",
       "       [2.55591984e-06, 1.90698225e-01, 8.09299219e-01],\n",
       "       [4.75902699e-06, 2.06316372e-01, 7.93678869e-01],\n",
       "       [3.44129318e-05, 3.26734663e-01, 6.73230924e-01],\n",
       "       [1.49839750e-04, 4.62156221e-01, 5.37693939e-01],\n",
       "       [6.94813698e-05, 3.81807867e-01, 6.18122651e-01],\n",
       "       [3.96191271e-05, 3.12409321e-01, 6.87551060e-01],\n",
       "       [2.60926945e-04, 4.73488052e-01, 5.26251021e-01]])"
      ]
     },
     "execution_count": 70,
     "metadata": {},
     "output_type": "execute_result"
    }
   ],
   "source": [
    "kde  = KDEClassifier()\n",
    "kde.fit(iris.data, iris.target)\n",
    "kde.predict_proba(iris.data)"
   ]
  },
  {
   "cell_type": "code",
   "execution_count": null,
   "metadata": {},
   "outputs": [],
   "source": []
  }
 ],
 "metadata": {
  "kernelspec": {
   "display_name": "Python 3",
   "language": "python",
   "name": "python3"
  },
  "language_info": {
   "codemirror_mode": {
    "name": "ipython",
    "version": 3
   },
   "file_extension": ".py",
   "mimetype": "text/x-python",
   "name": "python",
   "nbconvert_exporter": "python",
   "pygments_lexer": "ipython3",
   "version": "3.6.5"
  }
 },
 "nbformat": 4,
 "nbformat_minor": 2
}
